4 5 5 0 4 0 0 0 5 0 0 0 4 1 0 0 0 0 0 0 4 0 0 0 4
4 0 1 5 8 0 0 0 0 5 0 0 4 5 0 0 0 0 0 0 4 0 0 0 4
4 1 0 5 4 0 0 5 0 0 0 0 4 0 0 0 0 5 0 0 4 0 1 0 4
4 0 0 0 4 0 0 0 0 0 1 0 4 0 0 5 0 5 0 0 4 1 0 5 4
4 0 1 0 4 0 5 0 0 0 5 0 4 0 0 5 0 0 0 0 8 0 0 0 4
8 5 0 0 4 0 0 5 0 0 0 5 4 1 0 0 0 0 0 0 4 0 0 0 4
4 0 0 0 4 0 0 0 0 0 0 0 4 1 0 0 5 5 0 0 4 0 0 5 8
4 0 0 0 4 0 0 0 0 5 1 5 8 5 1 0 0 0 0 0 4 0 0 0 4
8 5 0 5 8 0 0 5 0 0 0 0 4 0 0 0 0 0 0 0 4 0 1 0 4
8 5 1 5 8 5 0 0 0 0 0 0 4 0 0 0 0 0 0 0 4 0 0 0 4
8 5 0 1 4 0 0 5 0 0 0 0 4 0 1 0 0 0 5 0 4 0 0 0 4
4 0 0 0 4 0 0 0 0 0 1 1 4 0 1 0 5 0 0 0 4 0 5 5 4
4 0 0 5 4 0 5 1 7 7 0 0 5 0 0 0 0 0 0 0 4 0 0 0 4
4 0 0 1 4 0 3 3 0 0 0 5 5 0 5 0 0 0 0 0 4 0 0 0 4
4 0 5 2 4 0 0 0 2 0 0 0 5 0 0 0 0 5 0 1 4 0 0 0 4
4 1 0 0 4 5 0 0 0 0 5 0 4 0 0 0 6 5 0 0 4 6 0 0 4
4 6 0 2 4 0 6 0 2 5 5 0 4 0 5 1 0 0 0 0 4 0 0 0 4
4 0 0 0 4 0 0 7 7 0 5 0 4 5 0 3 3 0 0 0 5 0 0 1 4
4 0 5 0 4 0 0 1 0 0 0 0 4 2 5 0 0 5 2 0 4 0 0 0 4
4 1 0 0 4 0 0 0 0 0 5 0 5 0 0 0 6 5 0 0 4 6 0 0 4
4 0 0 1 4 3 3 0 0 0 5 0 4 5 0 0 0 5 0 0 4 0 0 0 4
4 0 0 0 4 0 0 0 2 0 0 0 4 2 0 0 1 0 7 7 4 5 5 0 5
4 0 0 1 5 3 3 0 0 0 0 0 4 5 0 0 6 0 0 0 4 6 5 0 4
4 0 0 0 5 0 0 5 2 1 0 0 5 2 0 0 0 0 7 7 4 0 0 0 4
4 2 0 6 4 0 2 0 6 5 0 0 4 0 5 1 0 0 1 0 4 0 0 0 5
